14455106146750856743007849612682314625746918846802920769028070062822155599555
6740874125051309519293672254974149542350616816447908144717607594354651767532
1921347589318863232247221719285102842800612488101820615749791918508652369270
3412103670839185394700389846516288710479893343616181863983063635945440691647
9203010429583404882595647057543671190898728957422058538438262779416647354324 21142241385576914533146294657053485908702835916130423499647261223623875947596
9436866862592887352202583705860676598237603316087212257289360489547461826516 7446914840075224400299228933935351700107495985149882382451170321886799945182
17454374042770219594467811679108545614547957037828552288987393327698057172316
828918245441730741131302068311151198549200260387589588234613092061345058635
16516439017000036680920468597148600167405029424370286733497695214976251482033
13700110506082309442588338819668181598135667643186802969708731864048197745658
19169441333893987837010982473352552131832679198075685581461723852094509935796
5975429227906707718265721648987560315211219305119371076876474454861655458904
6841081014535042889698111104184648720531552074503086325565569102601842315966
12064926052908099707299803134138171534753713664448481392337688286394097903759
18771251587122341416927383781710224231613585766774211488040157583532884478126
3713378175088683075254293076232622918856487081367597303463443225402442142747
