14409752890219537689872349831273106927583473453951691556226745827913481021200 8919469480555018402564221249907027560958302965535142184909500008676176316324
1566961113627216818626807163465751471151596274413826130383229562997444403555 15456611137157748933740884490737515198718183523364759128687115122253040035659
15970942728943313752540448564811856464953753865726518450369152719012804253816
6564739668578038661940278595850910208504512478470745132915288818147959490043
4665809285109029040704735509396978975962361914961087358767376505650367919189 7290097303938814869458094569122302508985479615555295803043230822813882235695
2847811935566986431686446833147735249524788246507223221770657115955818569205 14715881934830666064140362573521420969167231719445433003216667921419823602655
17973720069743751900642073092607868799541166236839273206371172453365129389127 7809547978331547233584873576112959035870130241513643848705067003501233913540
6807583506123426404879680941567613067100955452076456655515852956262012413154 2950971022036578443795695424348397509169818042259844704868920104995268339755
2642483985737681814326590293611144655385268228293995005744166168074636930415
6122678278423189503031604326863397964331858438265945247961394163987480354791
21701176915818636028276800684337430482325572994717621695018416455881587360896 9743294514152545175169937901769692017549601730218121691744700250220329767026
16899738639667440293088969497782403005107778473141783444813515068587084389610 13669877608988981364456593177696973772572692139248880584452546476063266445689
10590582394130656140871349726824320669323343253167057588907794752659754150322
13068119467315802088488074214504300264631855233106350697792197668932708023061
14254852594513445781981850564193524163534900047627432102958855054577865321798
18250731305280233510668155404051376992836527815559200552599531875677366810130
